Debug log for Pathway AI v0.200000
seed: 1582668469

initial contents: 
0	0	0	0	0	0	0	0	
0	0	0	0	0	0	0	0	
0	0	0	0	0	0	0	0	
0	0	0	0	0	0	0	0	
0	0	0	0	0	0	0	0	
0	0	2	0	2	0	0	0	


initial class: 
500	500	500	500	500	500	500	500	
500	500	500	500	500	500	500	500	
500	500	500	500	500	500	500	500	
500	500	500	500	500	500	500	500	
500	500	500	500	500	500	500	500	
500	500	500	500	500	500	500	500	


initial function: 
276	47	598	318	400	354	188	480	
160	114	126	285	339	578	211	581	
155	453	972	303	648	809	879	913	
431	737	171	100	682	867	764	139	
34	188	905	581	802	969	492	537	
950	991	330	610	131	429	964	819	


initial confidence: 
0	0	0	0	0	0	0	0	
0	0	0	0	0	0	0	0	
0	0	0	0	0	0	0	0	
0	0	0	0	0	0	0	0	
0	0	0	0	0	0	0	0	
0	0	0	0	0	0	0	0	


initial manipulated?: 
0	0	0	0	0	0	0	0	
0	0	0	0	0	0	0	0	
0	0	0	0	0	0	0	0	
0	0	0	0	0	0	0	0	
0	0	0	0	0	0	0	0	
0	0	0	0	0	0	0	0	


