Debug log for Pathway AI v0.300000
seed: 1582770915		Iteration: 0

initial contents: 
0	0	0	0	0	0	0	0	
0	0	0	0	0	0	0	0	
0	0	0	0	0	0	0	0	
0	0	0	0	0	0	0	0	
0	0	0	0	0	0	0	0	
0	0	2	0	3	0	0	0	


initial board glyph: 
>^	>	+	>	<	<v	+	^	
>	+	^	>	<	<	+	>^	
^	>^	^	^	^	<v	v	^	
^	^	^	v	v	<v	>	v	
v	<	^	^	^	<	v	^	
v	<^	<	^	+	^	v	^	


initial class: 
374	416	939	381	594	387	936	613	
843	895	314	472	477	90	875	427	
86	56	579	801	329	771	620	328	
673	773	280	378	104	93	164	55	
184	137	870	273	50	379	622	336	
870	407	241	191	922	156	444	663	


initial function: 
710	521	423	522	127	241	519	931	
642	778	912	572	116	179	979	712	
904	700	805	802	808	210	328	781	
751	819	774	254	407	206	674	279	
303	47	858	910	855	66	442	805	
302	966	170	914	772	836	404	930	


initial confidence: 
0	0	0	0	0	0	0	0	
0	0	0	0	0	0	0	0	
0	0	0	0	0	0	0	0	
0	0	0	0	0	0	0	0	
0	0	0	0	0	0	0	0	
0	0	0	0	0	0	0	0	


initial manipulated?: 
0	0	0	0	0	0	0	0	
0	0	0	0	0	0	0	0	
0	0	0	0	0	0	0	0	
0	0	0	0	0	0	0	0	
0	0	0	0	0	0	0	0	
0	0	0	0	0	0	0	0	


